855
-5070
5641
-4414
-438
-1128
8328
7556
3730
7785
-596
-6622
-1023
-939
2202
2754
-7470
8086
5797
7318
-4353
-2284
-3230
-8152
-9462
-4482
-993
-1318
9085
2253
-5642
-7651
8163
4604
6788
-3705
-3811
9091
-1733
-7475
-7490
-8003
-7812
1426
-6739
8649
-3375
998
9534
-892
3506
6213
-7342
6486
8679
-1084
9485
7626
-9387
-4453
5133
-8567
1325
1108
-4180
7105
-4856
-2689
-4108
100
-5688
-3272
6603
-3716
-8791
7812
-1463
8937
5032
6271
3407
6944
8162
-4512
1618
4321
-2238
-8884
4532
-5166
2869
2310
-250
3402
4203
9969
-1816
-6286
-8049
-1530
2133
-8953
-5617
-897
-3247
-9584
4274
-1932
1808
6364
-3222
6823
-7949
6948
7964
3686
-7745
-3449
-3762
-9851
8028
3636
3224
1072
6786
-3221
-10
9785
-539
1361
2067
-8533
-8811
8423
3784
-5693
-2827
-92
-2810
8924
-2685
-2185
9634
-5213
-6996
3759
6113
-5322
-6896
-5596
2625
1552
6968
5566
-2889
8145
5660
9835
9110
-7433
-5576
-9335
-4294
1865
-9939
-365
1394
2405
5421
-7649
7822
-3545
-3616
3623
-8277
-8597
-3641
-150
-5626
-1066
-5125
1036
-2248
-4340
-837
2235
-9952
4967
4047
3585
-1896
5461
-1641
-9451
1169
1769
-1808
5550
-8806
7734
-8423
5414
2722
-5787
7292
-2478
2600
-4939
-7709
-1545
-5927
5145
-8446
-362
-3644
9729
1466
-3626
-5001
-2681
9272
5372
2153
36
9563
-4306
-3518
9696
-6995
8734
-5340
9856
9906
1711
-3537
-5257
-469
5334
1619
-6627
9560
7707
159
1206
-9039
-4051
-3275
-2081
-3086
-3884
4598
2782
8649
-2802
-6407
9889
-7058
972
650
2734
-2275
-5791
9341
5072
8628
2871
985
3795
3047
-8994
-6703
5642
2414
-6183
-6671
-9533
3429
-6769
171
6311
-2775
-1115
9404
-8141
680
3171
1834
-9727
6903
-9674
9934
737
-7572
112
1566
6506
-5422
-5451
-6879
-8619
-5815
7080
-673
7170
1821
-7749
-2463
-1878
-6888
-5625
-4252
5349
8804
-6019
-203
-8648
-1704
-2395
12
-2100
-1213
3080
3704
-749
-1530
3890
-3355
2317
346
-2405
9634
4104
961
310
-3427
-7166
-8549
4697
4804
6893
-20
-4602
-4175
-1934
8967
-9869
-7387
1781
-2512
4925
3991
3225
-3387
2275
1937
-2753
-9130
614
4287
8217
6063
3044
9073
7881
-2156
196
-467
-3136
6731
-2830
8441
-8197
1904
2543
1043
-4776
-3169
-1442
-3810
3987
7226
-5946
-2819
-4353
6427
-7058
7989
-408
-3921
-4415
6268
5604
2724
-4994
-2047
9557
5697
3710
-6355
-4860
3968
5898
-3373
-5442
510
1501
-4595
-1767
-1383
-3785
-5473
-4667
1108
-1898
4186
-6115
691
5757
7107
6267
6698
-4880
1163
-4778
6898
-2222
-6360
3817
-9464
1353
-5309
-202
-6781
-5224
3548
-4261
8013
-34
-323
3470
1513
-3105
-2884
2131
-3388
3190
-5982
-4302
-5444
-4248
-6279
-2978
-4036
-4781
9555
-110
6119
-3488
-9708
467
-2554
8981
9491
6688
-3652
-6393
8057
3351
5754
-5306
-4411
440
681
5600
-8739
8569
8526
-7430
-8741
4536
4941
-4597
9156
-3
7266
-9818
3072
-3038
-8042
9816
1282
-6648
-3582
-3560
-3417
1730
9923
7398
6499
-1772
2049
5008
-7312
-2921
-3713
9991
-8385
-4244
-9328
9429
-6094
1959
-9942
-1306
1961
9324
2439
5217
9962
1631
-3724
-6575
7602
-1842
-5119
5960
-5031
8560
2100
-7588
5681
6455
-7776
5259
-7898
4579
-4223
-3446
1948
5812
-4191
-3170
8042
-8424
6695
-325
4524
-2196
-2826
-77
-323
-1542
-4560
9133
-8680
652
-7344
-8573
-3807
-2206
7954
-3804
-6426
2576
-5793
-3167
-3095
7011
-2156
-3302
-9167
-6090
-1953
5645
-5945
2488
539
7185
-7441
8697
-2882
9799
1995
5368
-6756
7058
-7482
-7881
7046
2156
-6080
7788
5314
-6780
612
7673
3285
3513
-6691
-6044
3251
-3862
-1473
-9232
-2553
-4994
859
6152
-9638
-2533
1480
-3238
9112
-1855
-1118
7962
63
-1900
9628
1453
-6326
-5388
9842
7331
-9248
9177
259
-7489
6041
-5607
-2998
-9290
-688
-7659
-8525
6062
-3759
-2892
-4479
7074
9608
2306
6118
-3705
3772
-5425
7596
-2
8325
-7833
4978
5857
-8300
-6320
-6640
-5700
-1295
-7746
-2183
2660
5053
663
-7705
8959
2502
-8331
-5271
-2117
1223
-4329
8699
6239
2572
-6231
-8796
-810
-7721
-7548
-9811
9297
3031
8039
-6824
-9822
3103
5929
-8212
442
7581
8505
9012
-2207
9636
-8098
1336
8152
2307
-3751
925
-9042
-1457
-2023
4654
-2838
-539
-9093
-6914
-5544
494
5239
-8915
-9352
-8004
-6608
3394
9759
-615
1662
9057
-9493
-9284
-5517
-6615
6516
-6343
-3034
3412
2864
-2394
-8493
-7293
8956
6741
-2053
-9479
-6712
8975
6375
6812
-517
56
-5550
-2249
1993
5777
-6973
-1330
8645
2939
-6626
9791
-667
-2921
8875
8088
3825
5275
-8481
-1723
-3417
-6070
6435
-272
-9969
-3003
-6243
-8546
-6774
7247
9282
5105
-7813
-1062
-490
7121
384
6340
4471
-4255
8060
5789
-4966
-7285
9020
-3102
-3641
-9523
8859
7428
-4124
-8004
6
-2940
-1472
9401
9079
-7501
8289
7500
748
-93
-2823
3852
6598
3547
7340
8573
5296
2424
4157
2918
-6481
-8177
-3217
8399
3033
-4498
-7650
3298
-7510
-8578
2035
4127
-3517
5129
-7406
-3575
-3869
-2376
-8739
-9161
4073
3306
4006
-3683
-6136
4958
-1872
-7310
-1549
-4758
8216
8170
-7920
3110
2131
-195
1493
-1579
1947
7874
-4136
2879
1719
6661
-2937
-264
-3771
5268
795
6342
-9903
-8425
-9777
5806
-2264
6527
-7551
5524
4170
-6943
-8289
-3187
-19
790
4712
4977
-5232
1181
-8399
5083
4906
-7344
-6844
-2111
-1582
9287
-1836
-6205
1572
-5851
-5539
896
-950
486
6272
-511
-7852
-4083
-8527
7806
2065
426
-8221
6980
8580
-4692
2261
-4623
4220
-751
5147
-9060
-7297
-5733
3503
3727
-1125
1817
3638
4175
6052
9242
-390
9989
-3286
-5459
-1265
-1847
9315
-485
1099
8897
-2573
-9801
2647
-9890
9469
-9548
5425
-6200
3148
127
1573
6019
-9898
3523
986
-5405
6799
5533
-6090
1184
-4133
-2400
8403
539
-2111
5604
7748
-4708
-6295
2546
-5856
-928
9065
3861
-3264
-1069
6204
-8024
4937
7932
2578
4830
1005
-2445
-5351
-9590
4629
2612
-615
3254
-9838
-7589
-6855
8767
-5016
-3698
7786
-4283
7103
1772
-9407
4097
-2039
-453
-499
2380
5791
55555